0 0 0 194 0 194 33 0 33 0 0 0 91 0 91 288 0 288
1 1 1 175 165 179 22 9 18 2 3 4 112 1 112 56 5 176
2 2 2 181 166 185 28 10 24 3 4 1 27 6 63 315 2 315
3 3 3 186 167 190 7 15 11 4 1 2 132 3 132 320 3 320
4 4 4 168 172 8 37 12 30 1 2 3 136 4 136 324 4 324
8 7 6 191 169 197 40 13 31 5 5 5 139 5 139 176 1 56
5 8 7 192 170 199 42 14 32 6 6 6 63 2 27 328 6 328
6 5 8 193 171 200 15 11 3 7 7 7 142 7 142 329 7 329
7 6 5 4 168 172 44 16 34 8 8 8 143 8 143 330 8 330
0 0 0 194 0 194 33 0 33 0 0 0 91 0 91 288 0 288
0 0 0 194 0 194 33 0 33 0 0 0 91 0 91 288 0 288
0 0 0 194 0 194 33 0 33 0 0 0 91 0 91 288 0 288
0 0 0 194 0 194 33 0 33 0 0 0 91 0 91 288 0 288
0 0 0 194 0 194 33 0 33 0 0 0 91 0 91 288 0 288
0 0 0 194 0 194 33 0 33 0 0 0 91 0 91 288 0 288
0 0 0 194 0 194 33 0 33 0 0 0 91 0 91 288 0 288
0 0 0 194 0 194 33 0 33 0 0 0 91 0 91 288 0 288
17 17 17 230 201 234 17 17 17 24 30 19 21 57 53 111 26 231
18 18 18 235 202 239 1 22 9 25 18 25 117 54 109 116 31 236
19 19 19 203 207 23 19 19 19 17 24 30 121 55 110 120 35 240
23 22 21 240 204 246 20 20 20 26 31 35 124 56 111 20 20 20
20 23 22 241 205 248 21 21 21 27 32 36 57 53 17 124 39 244
21 20 23 242 206 249 9 18 1 28 33 37 127 58 113 125 40 245
22 21 20 19 203 207 23 23 23 29 34 38 128 59 114 126 41 246
24 24 24 250 208 254 2 28 10 30 19 17 32 68 60 426 24 426
25 25 25 209 213 29 25 25 25 18 25 18 36 72 61 430 25 430
29 28 27 255 210 261 26 26 26 31 35 20 39 75 62 231 17 111
26 29 28 256 211 263 27 27 27 32 36 21 6 63 2 434 27 434
27 26 29 257 212 264 10 24 2 33 37 22 42 78 64 435 28 435
28 27 26 25 209 213 29 29 29 34 38 23 43 79 65 436 29 436
30 30 30 214 218 34 4 37 12 19 17 24 146 66 130 440 30 440
34 33 32 265 215 271 5 40 13 35 20 26 149 67 131 236 18 116
31 34 33 266 216 273 6 42 14 36 21 27 68 60 24 444 32 444
32 31 34 267 217 274 0 33 0 37 22 28 152 69 133 445 33 445
33 32 31 30 214 218 8 44 16 38 23 29 153 70 134 446 34 446
38 37 36 219 225 41 35 35 35 20 26 31 155 71 135 240 19 120
35 38 37 220 227 43 36 36 36 21 27 32 72 61 25 450 36 450
36 35 38 221 228 44 12 30 4 22 28 33 158 73 137 451 37 451
37 36 35 12 222 16 38 38 38 23 29 34 159 74 138 452 38 452
41 44 42 275 223 282 39 39 39 39 39 39 75 62 26 244 21 124
43 40 43 276 224 283 13 31 5 40 40 40 161 76 140 245 22 125
44 42 39 35 219 225 41 41 41 41 41 41 162 77 141 246 23 126
39 41 44 278 226 284 14 32 6 42 42 42 78 64 28 456 42 456
40 43 40 36 220 227 43 43 43 43 43 43 79 65 29 457 43 457
42 39 41 37 221 228 16 34 8 44 44 44 164 80 144 458 44 458
0 0 0 194 0 194 33 0 33 0 0 0 91 0 91 288 0 288
0 0 0 194 0 194 33 0 33 0 0 0 91 0 91 288 0 288
0 0 0 194 0 194 33 0 33 0 0 0 91 0 91 288 0 288
0 0 0 194 0 194 33 0 33 0 0 0 91 0 91 288 0 288
0 0 0 194 0 194 33 0 33 0 0 0 91 0 91 288 0 288
0 0 0 194 0 194 33 0 33 0 0 0 91 0 91 288 0 288
0 0 0 194 0 194 33 0 33 0 0 0 91 0 91 288 0 288
0 0 0 194 0 194 33 0 33 0 0 0 91 0 91 288 0 288
1 1 1 175 165 179 22 9 18 2 3 4 112 1 112 56 5 176
1 1 1 175 165 179 22 9 18 2 3 4 112 1 112 56 5 176
1 1 1 175 165 179 22 9 18 2 3 4 112 1 112 56 5 176
1 1 1 175 165 179 22 9 18 2 3 4 112 1 112 56 5 176
1 1 1 175 165 179 22 9 18 2 3 4 112 1 112 56 5 176
1 1 1 175 165 179 22 9 18 2 3 4 112 1 112 56 5 176
1 1 1 175 165 179 22 9 18 2 3 4 112 1 112 56 5 176
2 2 2 181 166 185 28 10 24 3 4 1 27 6 63 315 2 315
2 2 2 181 166 185 28 10 24 3 4 1 27 6 63 315 2 315
2 2 2 181 166 185 28 10 24 3 4 1 27 6 63 315 2 315
2 2 2 181 166 185 28 10 24 3 4 1 27 6 63 315 2 315
2 2 2 181 166 185 28 10 24 3 4 1 27 6 63 315 2 315
2 2 2 181 166 185 28 10 24 3 4 1 27 6 63 315 2 315
3 3 3 186 167 190 7 15 11 4 1 2 132 3 132 320 3 320
3 3 3 186 167 190 7 15 11 4 1 2 132 3 132 320 3 320
3 3 3 186 167 190 7 15 11 4 1 2 132 3 132 320 3 320
3 3 3 186 167 190 7 15 11 4 1 2 132 3 132 320 3 320
3 3 3 186 167 190 7 15 11 4 1 2 132 3 132 320 3 320
4 4 4 168 172 8 37 12 30 1 2 3 136 4 136 324 4 324
4 4 4 168 172 8 37 12 30 1 2 3 136 4 136 324 4 324
4 4 4 168 172 8 37 12 30 1 2 3 136 4 136 324 4 324
4 4 4 168 172 8 37 12 30 1 2 3 136 4 136 324 4 324
8 7 6 191 169 197 40 13 31 5 5 5 139 5 139 176 1 56
8 7 6 191 169 197 40 13 31 5 5 5 139 5 139 176 1 56
8 7 6 191 169 197 40 13 31 5 5 5 139 5 139 176 1 56
5 8 7 192 170 199 42 14 32 6 6 6 63 2 27 328 6 328
5 8 7 192 170 199 42 14 32 6 6 6 63 2 27 328 6 328
6 5 8 193 171 200 15 11 3 7 7 7 142 7 142 329 7 329
9 9 9 243 9 243 18 1 22 10 11 12 85 45 81 84 13 204
9 9 9 243 9 243 18 1 22 10 11 12 85 45 81 84 13 204
9 9 9 243 9 243 18 1 22 10 11 12 85 45 81 84 13 204
9 9 9 243 9 243 18 1 22 10 11 12 85 45 81 84 13 204
9 9 9 243 9 243 18 1 22 10 11 12 85 45 81 84 13 204
9 9 9 243 9 243 18 1 22 10 11 12 85 45 81 84 13 204
9 9 9 243 9 243 18 1 22 10 11 12 85 45 81 84 13 204
10 10 10 258 10 258 24 2 28 11 12 9 14 50 46 371 10 371
10 10 10 258 10 258 24 2 28 11 12 9 14 50 46 371 10 371
10 10 10 258 10 258 24 2 28 11 12 9 14 50 46 371 10 371
10 10 10 258 10 258 24 2 28 11 12 9 14 50 46 371 10 371
10 10 10 258 10 258 24 2 28 11 12 9 14 50 46 371 10 371
10 10 10 258 10 258 24 2 28 11 12 9 14 50 46 371 10 371
11 11 11 268 11 268 3 7 15 12 9 10 96 47 88 376 11 376
11 11 11 268 11 268 3 7 15 12 9 10 96 47 88 376 11 376
11 11 11 268 11 268 3 7 15 12 9 10 96 47 88 376 11 376
11 11 11 268 11 268 3 7 15 12 9 10 96 47 88 376 11 376
11 11 11 268 11 268 3 7 15 12 9 10 96 47 88 376 11 376
12 12 12 222 16 38 30 4 37 9 10 11 100 48 89 380 12 380
12 12 12 222 16 38 30 4 37 9 10 11 100 48 89 380 12 380
12 12 12 222 16 38 30 4 37 9 10 11 100 48 89 380 12 380
12 12 12 222 16 38 30 4 37 9 10 11 100 48 89 380 12 380
16 15 14 277 13 277 31 5 40 13 13 13 103 49 90 204 9 84
16 15 14 277 13 277 31 5 40 13 13 13 103 49 90 204 9 84
16 15 14 277 13 277 31 5 40 13 13 13 103 49 90 204 9 84
13 16 15 279 14 279 32 6 42 14 14 14 50 46 10 384 14 384
13 16 15 279 14 279 32 6 42 14 14 14 50 46 10 384 14 384
14 13 16 280 15 280 11 3 7 15 15 15 106 51 92 385 15 385
109 109 109 425 369 429 53 113 81 130 115 110 18 117 54 131 251 229
110 110 110 370 374 114 110 110 110 109 130 115 19 121 55 135 255 230
114 113 112 430 371 436 111 111 111 131 145 120 20 124 56 26 231 17
111 114 113 431 372 438 112 112 112 132 146 121 1 112 1 139 259 232
112 111 114 432 373 439 81 109 53 133 147 122 22 127 58 140 260 233
113 112 111 110 370 374 114 114 114 134 148 123 23 128 59 141 261 234
115 115 115 375 379 119 55 122 83 110 109 130 115 115 115 145 265 235
119 118 117 440 376 446 56 125 84 135 116 135 116 116 116 31 236 18
116 119 118 441 377 448 57 127 85 136 117 136 54 109 18 149 269 237
117 116 119 442 378 449 45 118 45 137 118 137 118 118 118 150 270 238
118 117 116 115 375 379 59 129 87 138 119 138 119 119 119 151 271 239
123 122 121 380 386 126 120 120 120 111 131 145 120 120 120 35 240 19
120 123 122 381 388 128 121 121 121 112 132 146 55 110 19 155 275 241
121 120 123 382 389 129 83 115 55 113 133 147 122 122 122 156 276 242
122 121 120 83 383 87 123 123 123 114 134 148 123 123 123 157 277 243
126 129 127 450 384 457 124 124 124 139 149 155 56 111 20 39 244 21
128 125 128 451 385 458 84 116 56 140 150 156 125 125 125 40 245 22
129 127 124 120 380 386 126 126 126 141 151 157 126 126 126 41 246 23
124 126 129 453 387 459 85 117 57 142 152 158 58 113 22 161 281 247
125 128 125 121 381 388 128 128 128 143 153 159 59 114 23 162 282 248
127 124 126 122 382 389 87 119 59 144 154 160 129 129 129 163 283 249
130 130 130 390 394 134 61 137 89 115 110 109 30 146 66 460 250 425
134 133 132 460 391 466 62 140 90 145 120 111 31 149 67 251 229 109
131 134 133 461 392 468 63 142 91 146 121 112 3 132 3 464 252 427
132 131 134 462 393 469 46 133 46 147 122 113 33 152 69 465 253 428
133 132 131 130 390 394 65 144 93 148 123 114 34 153 70 466 254 429
138 137 136 395 401 141 135 135 135 116 135 116 35 155 71 255 230 110
135 138 137 396 403 143 136 136 136 117 136 117 4 136 4 470 256 431
136 135 138 397 404 144 89 130 61 118 137 118 37 158 73 471 257 432
137 136 135 89 398 93 138 138 138 119 138 119 38 159 74 472 258 433
141 144 142 470 399 477 139 139 139 149 155 124 5 139 5 259 232 112
143 140 143 471 400 478 90 131 62 150 156 125 40 161 76 260 233 113
144 142 139 135 395 401 141 141 141 151 157 126 41 162 77 261 234 114
139 141 144 473 402 479 91 132 63 152 158 127 7 142 7 476 262 437
140 143 140 136 396 403 143 143 143 153 159 128 8 143 8 477 263 438
142 139 141 137 397 404 93 134 65 154 160 129 44 164 80 478 264 439
148 147 146 405 411 151 71 156 99 120 111 131 145 145 145 265 235 115
145 148 147 406 413 153 72 158 100 121 112 132 66 130 30 480 266 441
146 145 148 407 414 154 48 147 48 122 113 133 147 147 147 481 267 442
147 146 145 94 408 98 74 160 102 123 114 134 148 148 148 482 268 443
151 154 152 480 409 487 75 161 103 155 124 139 67 131 31 269 237 117
153 150 153 481 410 488 49 150 49 156 125 140 150 150 150 270 238 118
154 152 149 145 405 411 77 163 105 157 126 141 151 151 151 271 239 119
149 151 154 483 412 489 50 152 50 158 127 142 69 133 33 486 272 447
150 153 150 146 406 413 79 164 107 159 128 143 70 134 34 487 273 448
152 149 151 147 407 414 52 154 52 160 129 144 154 154 154 488 274 449
157 160 158 415 422 162 155 155 155 124 139 149 71 135 35 275 241 121
159 156 159 416 423 163 99 145 71 125 140 150 156 156 156 276 242 122
160 158 155 99 417 105 157 157 157 126 141 151 157 157 157 277 243 123
155 157 160 418 424 164 100 146 72 127 142 152 73 137 37 490 278 453
156 159 156 100 419 107 159 159 159 128 143 153 74 138 38 491 279 454
158 155 157 101 420 108 102 148 74 129 144 154 160 160 160 492 280 455
162 163 164 490 421 494 103 149 75 161 161 161 76 140 40 281 247 127
163 164 161 155 415 422 162 162 162 162 162 162 77 141 41 282 248 128
164 161 162 156 416 423 105 151 77 163 163 163 163 163 163 283 249 129
161 162 163 158 418 424 107 153 79 164 164 164 80 144 44 494 284 459
0 0 0 194 0 194 33 0 33 0 0 0 91 0 91 288 0 288
0 0 0 194 0 194 33 0 33 0 0 0 91 0 91 288 0 288
0 0 0 194 0 194 33 0 33 0 0 0 91 0 91 288 0 288
0 0 0 194 0 194 33 0 33 0 0 0 91 0 91 288 0 288
0 0 0 194 0 194 33 0 33 0 0 0 91 0 91 288 0 288
0 0 0 194 0 194 33 0 33 0 0 0 91 0 91 288 0 288
0 0 0 194 0 194 33 0 33 0 0 0 91 0 91 288 0 288
0 0 0 194 0 194 33 0 33 0 0 0 91 0 91 288 0 288
1 1 1 175 165 179 22 9 18 2 3 4 112 1 112 56 5 176
1 1 1 175 165 179 22 9 18 2 3 4 112 1 112 56 5 176
1 1 1 175 165 179 22 9 18 2 3 4 112 1 112 56 5 176
1 1 1 175 165 179 22 9 18 2 3 4 112 1 112 56 5 176
1 1 1 175 165 179 22 9 18 2 3 4 112 1 112 56 5 176
1 1 1 175 165 179 22 9 18 2 3 4 112 1 112 56 5 176
1 1 1 175 165 179 22 9 18 2 3 4 112 1 112 56 5 176
2 2 2 181 166 185 28 10 24 3 4 1 27 6 63 315 2 315
2 2 2 181 166 185 28 10 24 3 4 1 27 6 63 315 2 315
2 2 2 181 166 185 28 10 24 3 4 1 27 6 63 315 2 315
2 2 2 181 166 185 28 10 24 3 4 1 27 6 63 315 2 315
2 2 2 181 166 185 28 10 24 3 4 1 27 6 63 315 2 315
2 2 2 181 166 185 28 10 24 3 4 1 27 6 63 315 2 315
3 3 3 186 167 190 7 15 11 4 1 2 132 3 132 320 3 320
3 3 3 186 167 190 7 15 11 4 1 2 132 3 132 320 3 320
3 3 3 186 167 190 7 15 11 4 1 2 132 3 132 320 3 320
3 3 3 186 167 190 7 15 11 4 1 2 132 3 132 320 3 320
3 3 3 186 167 190 7 15 11 4 1 2 132 3 132 320 3 320
4 4 4 168 172 8 37 12 30 1 2 3 136 4 136 324 4 324
4 4 4 168 172 8 37 12 30 1 2 3 136 4 136 324 4 324
4 4 4 168 172 8 37 12 30 1 2 3 136 4 136 324 4 324
4 4 4 168 172 8 37 12 30 1 2 3 136 4 136 324 4 324
8 7 6 191 169 197 40 13 31 5 5 5 139 5 139 176 1 56
8 7 6 191 169 197 40 13 31 5 5 5 139 5 139 176 1 56
8 7 6 191 169 197 40 13 31 5 5 5 139 5 139 176 1 56
5 8 7 192 170 199 42 14 32 6 6 6 63 2 27 328 6 328
5 8 7 192 170 199 42 14 32 6 6 6 63 2 27 328 6 328
6 5 8 193 171 200 15 11 3 7 7 7 142 7 142 329 7 329
9 9 9 243 9 243 18 1 22 10 11 12 85 45 81 84 13 204
9 9 9 243 9 243 18 1 22 10 11 12 85 45 81 84 13 204
9 9 9 243 9 243 18 1 22 10 11 12 85 45 81 84 13 204
9 9 9 243 9 243 18 1 22 10 11 12 85 45 81 84 13 204
9 9 9 243 9 243 18 1 22 10 11 12 85 45 81 84 13 204
9 9 9 243 9 243 18 1 22 10 11 12 85 45 81 84 13 204
9 9 9 243 9 243 18 1 22 10 11 12 85 45 81 84 13 204
10 10 10 258 10 258 24 2 28 11 12 9 14 50 46 371 10 371
10 10 10 258 10 258 24 2 28 11 12 9 14 50 46 371 10 371
10 10 10 258 10 258 24 2 28 11 12 9 14 50 46 371 10 371
10 10 10 258 10 258 24 2 28 11 12 9 14 50 46 371 10 371
10 10 10 258 10 258 24 2 28 11 12 9 14 50 46 371 10 371
10 10 10 258 10 258 24 2 28 11 12 9 14 50 46 371 10 371
11 11 11 268 11 268 3 7 15 12 9 10 96 47 88 376 11 376
11 11 11 268 11 268 3 7 15 12 9 10 96 47 88 376 11 376
11 11 11 268 11 268 3 7 15 12 9 10 96 47 88 376 11 376
11 11 11 268 11 268 3 7 15 12 9 10 96 47 88 376 11 376
11 11 11 268 11 268 3 7 15 12 9 10 96 47 88 376 11 376
12 12 12 222 16 38 30 4 37 9 10 11 100 48 89 380 12 380
12 12 12 222 16 38 30 4 37 9 10 11 100 48 89 380 12 380
12 12 12 222 16 38 30 4 37 9 10 11 100 48 89 380 12 380
12 12 12 222 16 38 30 4 37 9 10 11 100 48 89 380 12 380
16 15 14 277 13 277 31 5 40 13 13 13 103 49 90 204 9 84
16 15 14 277 13 277 31 5 40 13 13 13 103 49 90 204 9 84
16 15 14 277 13 277 31 5 40 13 13 13 103 49 90 204 9 84
13 16 15 279 14 279 32 6 42 14 14 14 50 46 10 384 14 384
13 16 15 279 14 279 32 6 42 14 14 14 50 46 10 384 14 384
14 13 16 280 15 280 11 3 7 15 15 15 106 51 92 385 15 385
17 17 17 230 201 234 17 17 17 24 30 19 21 57 53 111 26 231
17 17 17 230 201 234 17 17 17 24 30 19 21 57 53 111 26 231
17 17 17 230 201 234 17 17 17 24 30 19 21 57 53 111 26 231
17 17 17 230 201 234 17 17 17 24 30 19 21 57 53 111 26 231
17 17 17 230 201 234 17 17 17 24 30 19 21 57 53 111 26 231
17 17 17 230 201 234 17 17 17 24 30 19 21 57 53 111 26 231
18 18 18 235 202 239 1 22 9 25 18 25 117 54 109 116 31 236
18 18 18 235 202 239 1 22 9 25 18 25 117 54 109 116 31 236
18 18 18 235 202 239 1 22 9 25 18 25 117 54 109 116 31 236
18 18 18 235 202 239 1 22 9 25 18 25 117 54 109 116 31 236
18 18 18 235 202 239 1 22 9 25 18 25 117 54 109 116 31 236
19 19 19 203 207 23 19 19 19 17 24 30 121 55 110 120 35 240
19 19 19 203 207 23 19 19 19 17 24 30 121 55 110 120 35 240
19 19 19 203 207 23 19 19 19 17 24 30 121 55 110 120 35 240
19 19 19 203 207 23 19 19 19 17 24 30 121 55 110 120 35 240
23 22 21 240 204 246 20 20 20 26 31 35 124 56 111 20 20 20
23 22 21 240 204 246 20 20 20 26 31 35 124 56 111 20 20 20
23 22 21 240 204 246 20 20 20 26 31 35 124 56 111 20 20 20
20 23 22 241 205 248 21 21 21 27 32 36 57 53 17 124 39 244
20 23 22 241 205 248 21 21 21 27 32 36 57 53 17 124 39 244
21 20 23 242 206 249 9 18 1 28 33 37 127 58 113 125 40 245
24 24 24 250 208 254 2 28 10 30 19 17 32 68 60 426 24 426
24 24 24 250 208 254 2 28 10 30 19 17 32 68 60 426 24 426
24 24 24 250 208 254 2 28 10 30 19 17 32 68 60 426 24 426
24 24 24 250 208 254 2 28 10 30 19 17 32 68 60 426 24 426
24 24 24 250 208 254 2 28 10 30 19 17 32 68 60 426 24 426
25 25 25 209 213 29 25 25 25 18 25 18 36 72 61 430 25 430
25 25 25 209 213 29 25 25 25 18 25 18 36 72 61 430 25 430
25 25 25 209 213 29 25 25 25 18 25 18 36 72 61 430 25 430
25 25 25 209 213 29 25 25 25 18 25 18 36 72 61 430 25 430
29 28 27 255 210 261 26 26 26 31 35 20 39 75 62 231 17 111
29 28 27 255 210 261 26 26 26 31 35 20 39 75 62 231 17 111
29 28 27 255 210 261 26 26 26 31 35 20 39 75 62 231 17 111
26 29 28 256 211 263 27 27 27 32 36 21 6 63 2 434 27 434
26 29 28 256 211 263 27 27 27 32 36 21 6 63 2 434 27 434
27 26 29 257 212 264 10 24 2 33 37 22 42 78 64 435 28 435
30 30 30 214 218 34 4 37 12 19 17 24 146 66 130 440 30 440
30 30 30 214 218 34 4 37 12 19 17 24 146 66 130 440 30 440
30 30 30 214 218 34 4 37 12 19 17 24 146 66 130 440 30 440
30 30 30 214 218 34 4 37 12 19 17 24 146 66 130 440 30 440
34 33 32 265 215 271 5 40 13 35 20 26 149 67 131 236 18 116
34 33 32 265 215 271 5 40 13 35 20 26 149 67 131 236 18 116
34 33 32 265 215 271 5 40 13 35 20 26 149 67 131 236 18 116
31 34 33 266 216 273 6 42 14 36 21 27 68 60 24 444 32 444
31 34 33 266 216 273 6 42 14 36 21 27 68 60 24 444 32 444
32 31 34 267 217 274 0 33 0 37 22 28 152 69 133 445 33 445
38 37 36 219 225 41 35 35 35 20 26 31 155 71 135 240 19 120
38 37 36 219 225 41 35 35 35 20 26 31 155 71 135 240 19 120
38 37 36 219 225 41 35 35 35 20 26 31 155 71 135 240 19 120
35 38 37 220 227 43 36 36 36 21 27 32 72 61 25 450 36 450
35 38 37 220 227 43 36 36 36 21 27 32 72 61 25 450 36 450
36 35 38 221 228 44 12 30 4 22 28 33 158 73 137 451 37 451
41 44 42 275 223 282 39 39 39 39 39 39 75 62 26 244 21 124
41 44 42 275 223 282 39 39 39 39 39 39 75 62 26 244 21 124
43 40 43 276 224 283 13 31 5 40 40 40 161 76 140 245 22 125
39 41 44 278 226 284 14 32 6 42 42 42 78 64 28 456 42 456
45 45 45 327 45 327 118 45 118 46 47 48 81 9 85 49 169 165
45 45 45 327 45 327 118 45 118 46 47 48 81 9 85 49 169 165
45 45 45 327 45 327 118 45 118 46 47 48 81 9 85 49 169 165
45 45 45 327 45 327 118 45 118 46 47 48 81 9 85 49 169 165
45 45 45 327 45 327 118 45 118 46 47 48 81 9 85 49 169 165
45 45 45 327 45 327 118 45 118 46 47 48 81 9 85 49 169 165
45 45 45 327 45 327 118 45 118 46 47 48 81 9 85 49 169 165
46 46 46 342 46 342 133 46 133 47 48 45 10 14 50 294 166 285
46 46 46 342 46 342 133 46 133 47 48 45 10 14 50 294 166 285
46 46 46 342 46 342 133 46 133 47 48 45 10 14 50 294 166 285
46 46 46 342 46 342 133 46 133 47 48 45 10 14 50 294 166 285
46 46 46 342 46 342 133 46 133 47 48 45 10 14 50 294 166 285
46 46 46 342 46 342 133 46 133 47 48 45 10 14 50 294 166 285
47 47 47 352 47 352 69 51 97 48 45 46 88 11 96 299 167 286
47 47 47 352 47 352 69 51 97 48 45 46 88 11 96 299 167 286
47 47 47 352 47 352 69 51 97 48 45 46 88 11 96 299 167 286
47 47 47 352 47 352 69 51 97 48 45 46 88 11 96 299 167 286
47 47 47 352 47 352 69 51 97 48 45 46 88 11 96 299 167 286
48 48 48 306 52 74 147 48 147 45 46 47 89 12 100 303 168 287
48 48 48 306 52 74 147 48 147 45 46 47 89 12 100 303 168 287
48 48 48 306 52 74 147 48 147 45 46 47 89 12 100 303 168 287
48 48 48 306 52 74 147 48 147 45 46 47 89 12 100 303 168 287
52 51 50 361 49 361 150 49 150 49 49 49 90 13 103 169 165 45
52 51 50 361 49 361 150 49 150 49 49 49 90 13 103 169 165 45
52 51 50 361 49 361 150 49 150 49 49 49 90 13 103 169 165 45
49 52 51 363 50 363 152 50 152 50 50 50 46 10 14 307 170 289
49 52 51 363 50 363 152 50 152 50 50 50 46 10 14 307 170 289
50 49 52 364 51 364 97 47 69 51 51 51 92 15 106 308 171 290
53 53 53 314 285 318 113 81 109 60 66 55 17 21 57 62 182 173
53 53 53 314 285 318 113 81 109 60 66 55 17 21 57 62 182 173
53 53 53 314 285 318 113 81 109 60 66 55 17 21 57 62 182 173
53 53 53 314 285 318 113 81 109 60 66 55 17 21 57 62 182 173
53 53 53 314 285 318 113 81 109 60 66 55 17 21 57 62 182 173
53 53 53 314 285 318 113 81 109 60 66 55 17 21 57 62 182 173
54 54 54 319 286 323 58 86 82 61 54 61 109 18 117 67 187 174
54 54 54 319 286 323 58 86 82 61 54 61 109 18 117 67 187 174
54 54 54 319 286 323 58 86 82 61 54 61 109 18 117 67 187 174
54 54 54 319 286 323 58 86 82 61 54 61 109 18 117 67 187 174
54 54 54 319 286 323 58 86 82 61 54 61 109 18 117 67 187 174
55 55 55 287 291 59 122 83 115 53 60 66 110 19 121 71 191 175
55 55 55 287 291 59 122 83 115 53 60 66 110 19 121 71 191 175
55 55 55 287 291 59 122 83 115 53 60 66 110 19 121 71 191 175
55 55 55 287 291 59 122 83 115 53 60 66 110 19 121 71 191 175
59 58 57 324 288 330 125 84 116 62 67 71 111 20 124 5 176 1
59 58 57 324 288 330 125 84 116 62 67 71 111 20 124 5 176 1
59 58 57 324 288 330 125 84 116 62 67 71 111 20 124 5 176 1
56 59 58 325 289 332 127 85 117 63 68 72 53 17 21 75 195 177
56 59 58 325 289 332 127 85 117 63 68 72 53 17 21 75 195 177
57 56 59 326 290 333 86 82 54 64 69 73 113 22 127 76 196 178
60 60 60 334 292 338 64 92 88 66 55 53 24 32 68 335 180 313
60 60 60 334 292 338 64 92 88 66 55 53 24 32 68 335 180 313
60 60 60 334 292 338 64 92 88 66 55 53 24 32 68 335 180 313
60 60 60 334 292 338 64 92 88 66 55 53 24 32 68 335 180 313
60 60 60 334 292 338 64 92 88 66 55 53 24 32 68 335 180 313
61 61 61 293 297 65 137 89 130 54 61 54 25 36 72 339 181 314
61 61 61 293 297 65 137 89 130 54 61 54 25 36 72 339 181 314
61 61 61 293 297 65 137 89 130 54 61 54 25 36 72 339 181 314
61 61 61 293 297 65 137 89 130 54 61 54 25 36 72 339 181 314
65 64 63 339 294 345 140 90 131 67 71 56 26 39 75 182 173 53
65 64 63 339 294 345 140 90 131 67 71 56 26 39 75 182 173 53
65 64 63 339 294 345 140 90 131 67 71 56 26 39 75 182 173 53
62 65 64 340 295 347 142 91 132 68 72 57 2 27 6 343 183 316
62 65 64 340 295 347 142 91 132 68 72 57 2 27 6 343 183 316
63 62 65 341 296 348 92 88 60 69 73 58 28 42 78 344 184 317
66 66 66 298 302 70 73 101 94 55 53 60 130 30 146 349 186 319
66 66 66 298 302 70 73 101 94 55 53 60 130 30 146 349 186 319
66 66 66 298 302 70 73 101 94 55 53 60 130 30 146 349 186 319
66 66 66 298 302 70 73 101 94 55 53 60 130 30 146 349 186 319
70 69 68 349 299 355 76 104 95 71 56 62 131 31 149 187 174 54
70 69 68 349 299 355 76 104 95 71 56 62 131 31 149 187 174 54
70 69 68 349 299 355 76 104 95 71 56 62 131 31 149 187 174 54
67 70 69 350 300 357 78 106 96 72 57 63 60 24 32 353 188 321
67 70 69 350 300 357 78 106 96 72 57 63 60 24 32 353 188 321
68 67 70 351 301 358 51 97 47 73 58 64 133 33 152 354 189 322
74 73 72 303 309 77 156 99 145 56 62 67 135 35 155 191 175 55
74 73 72 303 309 77 156 99 145 56 62 67 135 35 155 191 175 55
74 73 72 303 309 77 156 99 145 56 62 67 135 35 155 191 175 55
71 74 73 304 311 79 158 100 146 57 63 68 61 25 36 359 192 325
71 74 73 304 311 79 158 100 146 57 63 68 61 25 36 359 192 325
72 71 74 305 312 80 101 94 66 58 64 69 137 37 158 360 193 326
77 80 78 359 307 366 161 103 149 75 75 75 62 26 39 195 177 57
77 80 78 359 307 366 161 103 149 75 75 75 62 26 39 195 177 57
79 76 79 360 308 367 104 95 67 76 76 76 140 40 161 196 178 58
75 77 80 362 310 368 106 96 68 78 78 78 64 28 42 365 198 331
81 81 81 433 81 433 109 53 113 88 94 83 9 85 45 90 210 201
81 81 81 433 81 433 109 53 113 88 94 83 9 85 45 90 210 201
81 81 81 433 81 433 109 53 113 88 94 83 9 85 45 90 210 201
81 81 81 433 81 433 109 53 113 88 94 83 9 85 45 90 210 201
81 81 81 433 81 433 109 53 113 88 94 83 9 85 45 90 210 201
81 81 81 433 81 433 109 53 113 88 94 83 9 85 45 90 210 201
82 82 82 443 82 443 54 58 86 89 82 89 82 82 82 95 215 202
82 82 82 443 82 443 54 58 86 89 82 89 82 82 82 95 215 202
82 82 82 443 82 443 54 58 86 89 82 89 82 82 82 95 215 202
82 82 82 443 82 443 54 58 86 89 82 89 82 82 82 95 215 202
82 82 82 443 82 443 54 58 86 89 82 89 82 82 82 95 215 202
83 83 83 383 87 123 115 55 122 81 88 94 83 83 83 99 219 203
83 83 83 383 87 123 115 55 122 81 88 94 83 83 83 99 219 203
83 83 83 383 87 123 115 55 122 81 88 94 83 83 83 99 219 203
83 83 83 383 87 123 115 55 122 81 88 94 83 83 83 99 219 203
87 86 85 452 84 452 116 56 125 90 95 99 84 84 84 13 204 9
87 86 85 452 84 452 116 56 125 90 95 99 84 84 84 13 204 9
87 86 85 452 84 452 116 56 125 90 95 99 84 84 84 13 204 9
84 87 86 454 85 454 117 57 127 91 96 100 45 81 9 103 223 205
84 87 86 454 85 454 117 57 127 91 96 100 45 81 9 103 223 205
85 84 87 455 86 455 82 54 58 92 97 101 86 86 86 104 224 206
88 88 88 463 88 463 60 64 92 94 83 81 11 96 47 391 208 369
88 88 88 463 88 463 60 64 92 94 83 81 11 96 47 391 208 369
88 88 88 463 88 463 60 64 92 94 83 81 11 96 47 391 208 369
88 88 88 463 88 463 60 64 92 94 83 81 11 96 47 391 208 369
88 88 88 463 88 463 60 64 92 94 83 81 11 96 47 391 208 369
89 89 89 398 93 138 130 61 137 82 89 82 12 100 48 395 209 370
89 89 89 398 93 138 130 61 137 82 89 82 12 100 48 395 209 370
89 89 89 398 93 138 130 61 137 82 89 82 12 100 48 395 209 370
89 89 89 398 93 138 130 61 137 82 89 82 12 100 48 395 209 370
93 92 91 472 90 472 131 62 140 95 99 84 13 103 49 210 201 81
93 92 91 472 90 472 131 62 140 95 99 84 13 103 49 210 201 81
93 92 91 472 90 472 131 62 140 95 99 84 13 103 49 210 201 81
90 93 92 474 91 474 132 63 142 96 100 85 0 91 0 399 211 372
90 93 92 474 91 474 132 63 142 96 100 85 0 91 0 399 211 372
91 90 93 475 92 475 88 60 64 97 101 86 15 106 51 400 212 373
94 94 94 408 98 148 66 73 101 83 81 88 94 94 94 405 214 375
94 94 94 408 98 148 66 73 101 83 81 88 94 94 94 405 214 375
94 94 94 408 98 148 66 73 101 83 81 88 94 94 94 405 214 375
94 94 94 408 98 148 66 73 101 83 81 88 94 94 94 405 214 375
98 97 96 482 95 482 67 76 104 99 84 90 95 95 95 215 202 82
98 97 96 482 95 482 67 76 104 99 84 90 95 95 95 215 202 82
98 97 96 482 95 482 67 76 104 99 84 90 95 95 95 215 202 82
95 98 97 484 96 484 68 78 106 100 85 91 47 88 11 409 216 377
95 98 97 484 96 484 68 78 106 100 85 91 47 88 11 409 216 377
96 95 98 485 97 485 47 69 51 101 86 92 97 97 97 410 217 378
102 101 100 417 105 157 145 71 156 84 90 95 99 99 99 219 203 83
102 101 100 417 105 157 145 71 156 84 90 95 99 99 99 219 203 83
102 101 100 417 105 157 145 71 156 84 90 95 99 99 99 219 203 83
99 102 101 419 107 159 146 72 158 85 91 96 48 89 12 415 220 381
99 102 101 419 107 159 146 72 158 85 91 96 48 89 12 415 220 381
100 99 102 420 108 160 94 66 73 86 92 97 101 101 101 416 221 382
105 108 106 491 103 491 149 75 161 103 103 103 49 90 13 223 205 85
105 108 106 491 103 491 149 75 161 103 103 103 49 90 13 223 205 85
107 104 107 492 104 492 95 67 76 104 104 104 104 104 104 224 206 86
103 105 108 493 106 493 96 68 78 106 106 106 51 92 15 421 226 387
425 425 425 369 429 109 314 432 370 425 425 425 235 441 319 130 460 250
429 428 427 426 426 426 315 435 371 460 440 430 236 444 320 24 426 24
426 429 428 427 427 427 316 437 372 461 441 431 174 427 174 132 464 252
427 426 429 428 428 428 285 428 285 462 442 432 238 447 322 133 465 253
428 427 426 109 425 369 318 439 374 463 443 433 239 448 323 134 466 254
433 432 431 371 436 111 430 430 430 426 460 440 240 450 324 25 430 25
430 433 432 372 438 112 431 431 431 427 461 441 175 431 175 136 470 256
431 430 433 373 439 113 370 425 314 428 462 442 242 453 326 137 471 257
432 431 430 81 433 81 433 433 433 429 463 443 243 454 327 138 472 258
436 439 437 434 434 434 434 434 434 464 480 450 176 434 176 27 434 27
438 435 438 435 435 435 371 426 315 465 481 451 245 456 329 28 435 28
439 437 434 111 430 371 436 436 436 466 482 452 246 457 330 29 436 29
434 436 439 437 437 437 372 427 316 467 483 453 178 437 178 142 476 262
435 438 435 112 431 372 438 438 438 468 484 454 179 438 179 143 477 263
437 434 436 113 432 373 374 429 318 469 485 455 249 459 333 144 478 264
443 442 441 376 446 116 324 451 380 430 426 460 440 440 440 30 440 30
440 443 442 377 448 117 325 453 381 431 427 461 319 425 235 146 480 266
441 440 443 378 449 118 287 442 287 432 428 462 442 442 442 147 481 267
442 441 440 82 443 82 327 455 383 433 429 463 443 443 443 148 482 268
446 449 447 444 444 444 328 456 384 470 444 470 320 426 236 32 444 32
448 445 448 445 445 445 288 445 288 471 445 471 445 445 445 33 445 33
449 447 444 116 440 376 330 458 386 472 446 472 446 446 446 34 446 34
444 446 449 447 447 447 289 447 289 473 447 473 322 428 238 152 486 272
445 448 445 117 441 377 332 459 388 474 448 474 323 429 239 153 487 273
447 444 446 118 442 378 291 449 291 475 449 475 449 449 449 154 488 274
452 455 453 384 457 124 450 450 450 434 464 480 324 430 240 36 450 36
454 451 454 385 458 125 380 440 324 435 465 481 451 451 451 37 451 37
455 453 450 84 452 84 452 452 452 436 466 482 452 452 452 38 452 38
450 452 455 387 459 127 381 441 325 437 467 483 326 432 242 158 490 278
451 454 451 85 454 85 454 454 454 438 468 484 327 433 243 159 491 279
453 450 452 86 455 86 383 443 327 439 469 485 455 455 455 160 492 280
457 458 459 456 456 456 384 444 328 476 486 490 329 435 245 42 456 42
458 459 456 124 450 384 457 457 457 477 487 491 330 436 246 43 457 43
459 456 457 125 451 385 386 446 330 478 488 492 458 458 458 44 458 44
456 457 458 127 453 387 388 448 332 479 489 493 333 439 249 164 494 284
463 462 461 391 466 131 339 471 395 440 430 426 265 480 349 250 425 130
460 463 462 392 468 132 340 473 396 441 431 427 186 461 186 461 461 461
461 460 463 393 469 133 293 462 293 442 432 428 267 483 351 462 462 462
462 461 460 88 463 88 342 475 398 443 433 429 268 484 352 463 463 463
466 469 467 464 464 464 343 476 399 480 450 434 187 464 187 252 427 132
468 465 468 465 465 465 294 465 294 481 451 435 270 486 354 253 428 133
469 467 464 131 460 391 345 478 401 482 452 436 271 487 355 254 429 134
464 466 469 467 467 467 295 467 295 483 453 437 189 467 189 467 467 467
465 468 465 132 461 392 347 479 403 484 454 438 190 468 190 468 468 468
467 464 466 133 462 393 297 469 297 485 455 439 274 489 358 469 469 469
472 475 473 399 477 139 470 470 470 444 470 444 191 470 191 256 431 136
474 471 474 400 478 140 395 460 339 445 471 445 276 490 360 257 432 137
475 473 470 90 472 90 472 472 472 446 472 446 277 491 361 258 433 138
470 472 475 402 479 142 396 461 340 447 473 447 193 473 193 473 473 473
471 474 471 91 474 91 474 474 474 448 474 448 194 474 194 474 474 474
473 470 472 92 475 92 398 463 342 449 475 449 280 493 364 475 475 475
477 478 479 476 476 476 399 464 343 486 490 456 196 476 196 262 437 142
478 479 476 139 470 399 477 477 477 487 491 457 197 477 197 263 438 143
479 476 477 140 471 400 401 466 345 488 492 458 283 494 367 264 439 144
476 477 478 142 473 402 403 468 347 489 493 459 200 479 200 479 479 479
482 485 483 409 487 149 359 490 415 450 434 464 349 460 265 266 441 146
484 481 484 410 488 150 303 481 303 451 435 465 481 481 481 267 442 147
485 483 480 95 482 95 361 492 417 452 436 466 482 482 482 268 443 148
480 482 485 412 489 152 304 483 304 453 437 467 351 462 267 483 483 483
481 484 481 96 484 96 363 493 419 454 438 468 352 463 268 484 484 484
483 480 482 97 485 97 306 485 306 455 439 469 485 485 485 485 485 485
487 488 489 486 486 486 307 486 307 490 456 476 354 465 270 272 447 152
488 489 486 149 480 409 366 494 422 491 457 477 355 466 271 273 448 153
489 486 487 150 481 410 309 488 309 492 458 478 488 488 488 274 449 154
486 487 488 152 483 412 311 489 311 493 459 479 358 469 274 489 489 489
491 492 493 421 494 161 415 480 359 456 476 486 360 471 276 278 453 158
492 493 490 103 491 103 491 491 491 457 477 487 361 472 277 279 454 159
493 490 491 104 492 104 417 482 361 458 478 488 492 492 492 280 455 160
490 491 492 106 493 106 419 484 363 459 479 489 364 475 280 493 493 493
494 494 494 161 490 421 422 487 366 494 494 494 367 478 283 284 459 164
